00000000000000000000000000000000
00000000001000000010001000100000
00000000000000000000010101010000
00000000011011110110111101100000
00000010011101100011011100100000
00000000010100010010010001010000
00000000011001010010010100100000
00000000000000000000001000100000
00000100001000100010001000100100
00000010010001000100010001000010
00000000010100100111001001010000
00000000000000100111001000000000
00000001001000000000000000000000
00000000000000000111000000000000
00000000001000000000000000000000
00000001000100100010001001000100
00000000011101110101011101110000
00000000011100100010001100100000
00000000011100010111010001110000
00000000011101000111010001110000
00000000010001000111010101010000
00000000011101000111000101110000
00000000011101010111000101110000
00000000010001000100010001110000
00000000011101010111010101110000
00000000011101000111010101110000
00000000001000000000001000000000
00000001001000000000001000000000
00000000010000100001001001000000
00000000000001110000011100000000
00000000000100100100001000010000
00000000001000000010010001110000
00000000001001010101010000110000
00000000010101110101010101110000
00000000001101010011010100110000
00000000011100010001000101110000
00000000001101010101010100110000
00000000011100010111000101110000
00000000000100010111000101110000
00000000011101010001000101110000
00000000010101010111010101010000
00000000011100100010001001110000
00000000011101010100010001000000
00000000010101010011010101010000
00000000011100010001000100010000
00000000010101010111011101110000
00000000010101110111011101010000
00000000011101010101010101110000
00000000000100010111010101110000
00000100011101110101010101110000
00000000010101010011010101110000
00000000011101000010000101110000
00000000001000100010001001110000
00000000011101010101010101010000
00000000001001010101010101010000
00000000011101110111010101010000
00000000010101010010010101010000
00000000001000100010010101010000
00000000011100010010010001110000
00000110001000100010001000100110
00000100010000100010001000010001
00000110010001000100010001000110
00000000000000000000000001010010
11110000000000000000000000000000
00000000000000000000010000100001
00000000011101110100011100000000
00000000011101010101011100010001
00000000011100010001011100000000
00000000011101010101011101000100
00000000011100010111011100000000
00000000001000100010011100100110
01110100011101010101011100000000
00000000010101010101011100010001
00000000001000100010001000000010
00110010001000100010001000000010
00000000010100110011010100010001
00000000011000100010001000100010
00000000010101110111011100000000
00000000010101010101011100000000
00000000011101010101011100000000
00010001011101010101011100000000
01000100011101010101011100000000
00000000000100010001011100000000
00000000011101000001011100000000
00000000011000100010011100100000
00000000011101010101010100000000
00000000001001010101010100000000
00000000011101110111010100000000
00000000010100100010010100000000
01110100011101010101010100000000
00000000011100010100011100000000
00000110001000100001001000100110
00000010001000100010001000100010
00000011001000100100001000100011
00000000000000000000000000000000
00000000000000000000000000000000
00000000000000000000000000000000
00000000000000000000000000000000
00000000000000000000000000000000
00000000000000000000000000000000
00000000000000000000000000000000
00000000000000000000000000000000
00000000000000000000000000000000
00000000000000000000000000000000
00000000000000000000000000000000
00000000000000000000000000000000
00000000000000000000000000000000
00000000000000000000000000000000
00000000000000000000000000000000
00000000000000000000000000000000
00000000000000000000000000000000
00000000000000000000000000000000
00000000000000000000000000000000
00000000000000000000000000000000
00000000000000000000000000000000
00000000000000000000000000000000
00000000000000000000000000000000
00000000000000000000000000000000
00000000000000000000000000000000
00000000000000000000000000000000
00000000000000000000000000000000
00000000000000000000000000000000
00000000000000000000000000000000
00000000000000000000000000000000
00000000000000000000000000000000
00000000000000000000000000000000
00000000000000000000000000000000
00000000000000000000000000000000
00000000000000000000000000000000
00000000000000000000000000000000
00000000000000000000000000000000
00000000000000000000000000000000
00000000000000000000000000000000
00000000000000000000000000000000
00000000000000000000000000000000
00000000000000000000000000000000
00000000000000000000000000000000
00000000000000000000000000000000
00000000000000000000000000000000
00000000000000000000000000000000
00000000000000000000000000000000
00000000000000000000000000000000
00000000000000000000000000000000
00000000000000000000000000000000
00000000000000000000000000000000
00000000000000000000000000000000
00000000000000000000000000000000
00000000000000000000000000000000
00000000000000000000000000000000
00000000000000000000000000000000
00000000000000000000000000000000
00000000000000000000000000000000
00000000000000000000000000000000
00000000000000000000000000000000
00000000000000000000000000000000
00000000000000000000000000000000
00000000000000000000000000000000
00000000000000000000000000000000
00000000000000000000000000000000
00000000000000000000000000000000
00000000000000000000000000000000
00000000000000000000000000000000
00000000000000000000000000000000
00000000000000000000000000000000
00000000000000000000000000000000
00000000000000000000000000000000
00000000000000000000000000000000
00000000000000000000000000000000
00000000000000000000000000000000
00000000000000000000000000000000
00000000000000000000000000000000
00000000000000000000000000000000
00000000000000000000000000000000
00000000000000000000000000000000
00000000000000000000000000000000
00000000000000000000000000000000
00000000000000000000000000000000
00000000000000000000000000000000
00000000000000000000000000000000
00000000000000000000000000000000
00000000000000000000000000000000
00000000000000000000000000000000
00000000000000000000000000000000
00000000000000000000000000000000
00000000000000000000000000000000
00000000000000000000000000000000
00000000000000000000000000000000
00000000000000000000000000000000
00000000000000000000000000000000
00000000000000000000000000000000
00000000000000000000000000000000
00000000000000000000000000000000
00000000000000000000000000000000
00000000000000000000000000000000
00000000000000000000000000000000
00000000000000000000000000000000
00000000000000000000000000000000
00000000000000000000000000000000
00000000000000000000000000000000
00000000000000000000000000000000
00000000000000000000000000000000
00000000000000000000000000000000
00000000000000000000000000000000
00000000000000000000000000000000
00000000000000000000000000000000
00000000000000000000000000000000
00000000000000000000000000000000
00000000000000000000000000000000
00000000000000000000000000000000
00000000000000000000000000000000
00000000000000000000000000000000
00000000000000000000000000000000
00000000000000000000000000000000
00000000000000000000000000000000
00000000000000000000000000000000
00000000000000000000000000000000
00000000000000000000000000000000
00000000000000000000000000000000
00000000000000000000000000000000
00000000000000000000000000000000
00000000000000000000000000000000
00000000000000000000000000000000
00000000000000000000000000000000
00000000000000000000000000000000
00000000000000000000000000000000
00000000000000000000000000000000
00000000000000000000000000000000
00000000000000000000000000000000
00000000000000000000000000000000
00000000000000000000000000000000
00000000000000000000000000000000
00000000000000000000000000000000
00000000000000000000000000000000
00000000000000000000000000000000
00000000000000000000000000000000
00000000000000000000000000000000
00000000000000000000000000000000
00000000000000000000000000000000
00000000000000000000000000000000
00000000000000000000000000000000
00000000000000000000000000000000
00000000000000000000000000000000
00000000000000000000000000000000
00000000000000000000000000000000
00000000000000000000000000000000
00000000000000000000000000000000
00000000000000000000000000000000
00000000000000000000000000000000
00000000000000000000000000000000
00000000000000000000000000000000
00000000000000000000000000000000
00000000000000000000000000000000
00000000000000000000000000000000
00000000000000000000000000000000
00000000000000000000000000000000
11111001100100000000000010011001
